year,state_abbr,population,violent_crime,homicide,rape_revised,robbery,aggravated_assault,property_crime,burglary,larceny,motor_vehicle_theft,Total_Crime,"Total Crime per 100,000",Crime per Capita
1979,DC,656000,10553,180,489.0,6920,2964,45877,13452,28819,3606,112860.0,17204.3,17.2
1979,FL,8860000,73881,1084,4576.0,22097,46124,607281,190884,378099,38298,1362324.0,15376.1,15.4
1979,SD,689000,1096,14,113.0,140,829,19297,4316,13782,1199,40786.0,5919.6,5.9
1979,WV,1878000,3156,128,291.0,825,1912,40513,11959,24755,3799,87338.0,4650.6,4.7
1980,DC,635233,12772,200,439.0,8897,3236,50896,16260,31068,3568,127336.0,20045.6,20.0
1980,FL,9567112,94095,1387,5439.0,34015,53254,709730,239825,424223,45682,1607650.0,16803.9,16.8
1980,SD,688217,873,5,86.0,138,644,21447,4766,15521,1160,44640.0,6486.3,6.5
1980,WV,1930787,3547,138,306.0,936,2167,45719,14258,27606,3855,98532.0,5103.2,5.1
1981,DC,636000,14468,223,414.0,10399,3432,53442,16832,32845,3765,135820.0,21355.3,21.4
1981,FL,10166000,98109,1522,5707.0,35473,55407,718470,241536,431222,45712,1633158.0,16064.9,16.1
1981,SD,685000,718,12,79.0,122,505,19922,4348,14587,987,41280.0,6026.3,6.0
1981,WV,1951000,3410,118,289.0,979,2024,47681,15122,28884,3675,102182.0,5237.4,5.2
1982,DC,631000,13397,194,421.0,9137,3645,52295,14774,33435,4086,131384.0,20821.6,20.8
1982,FL,10416000,93411,1409,5587.0,31002,55413,684166,211932,427462,44772,1555154.0,14930.4,14.9
1982,SD,691000,684,19,79.0,118,468,17592,3885,12889,818,36552.0,5289.7,5.3
1982,WV,1948000,3405,102,302.0,970,2031,45514,13985,27962,3567,97838.0,5022.5,5.0
1983,DC,623000,11933,183,406.0,7698,3646,45843,12483,29405,3955,115552.0,18547.7,18.5
1983,FL,10680000,88292,1199,5170.0,28126,53797,635934,191902,400796,43236,1448452.0,13562.3,13.6
1983,SD,700000,840,15,119.0,111,595,16993,3820,12453,720,35666.0,5095.1,5.1
1983,WV,1965000,3375,96,263.0,869,2147,44158,13455,27134,3569,95066.0,4838.0,4.8
1984,DC,623000,10725,175,366.0,6087,4097,42799,10954,27471,4374,107048.0,17182.7,17.2
1984,FL,10976000,95270,1264,5570.0,30311,58125,653429,198446,408153,46830,1497398.0,13642.5,13.6
1984,SD,706000,1041,13,190.0,105,733,17403,3529,13102,772,36888.0,5224.9,5.2
1984,WV,1952000,3283,86,305.0,744,2148,42313,12649,26296,3368,91192.0,4671.7,4.7
1985,DC,626000,10171,147,337.0,5230,4457,39904,10005,24874,5025,100150.0,15998.4,16.0
1985,FL,11366000,106971,1296,6004.0,35506,64165,753918,228402,465792,59724,1721778.0,15148.5,15.1
1985,SD,708000,967,13,168.0,121,665,17730,3867,13142,721,37394.0,5281.6,5.3
1985,WV,1936000,3214,73,359.0,728,2054,40401,11972,25191,3238,87230.0,4505.7,4.5
1986,DC,626000,9423,194,328.0,4720,4181,42781,10815,25861,6105,104408.0,16678.6,16.7
1986,FL,11675000,121013,1371,6152.0,42822,70668,839651,259331,510496,69824,1921328.0,16456.8,16.5
1986,SD,708000,883,28,125.0,115,615,18346,3919,13728,699,38458.0,5431.9,5.4
1986,WV,1919000,3156,114,362.0,787,1893,41301,11999,26055,3247,88914.0,4633.4,4.6
1987,DC,622000,10016,225,245.0,4462,5084,42553,11244,25012,6297,105138.0,16903.2,16.9
1987,FL,12023000,123168,1371,6032.0,42869,72896,899167,271346,546466,81355,2044670.0,17006.3,17.0
1987,SD,709000,849,13,146.0,87,603,18138,3787,13673,678,37974.0,5356.0,5.4
1987,WV,1897000,2605,92,429.0,591,1493,38953,11450,24436,3067,83116.0,4381.4,4.4
1988,DC,620000,11914,369,165.0,5690,5690,49557,12300,28624,8633,122942.0,19829.4,19.8
1988,FL,12377000,138343,1416,6154.0,49916,80857,967869,283960,589215,94694,2212424.0,17875.3,17.9
1988,SD,715000,813,22,192.0,87,512,17641,3703,13255,683,36908.0,5162.0,5.2
1988,WV,1884000,2476,93,353.0,644,1386,39703,11510,25147,3046,84358.0,4477.6,4.5
1989,DC,604000,12937,434,186.0,6542,5775,49235,11780,29164,8291,124344.0,20586.8,20.6
1989,FL,12671000,140575,1405,6299.0,51188,81683,975042,289254,583702,102086,2231234.0,17609.0,17.6
1989,SD,715000,969,9,229.0,84,647,18230,3394,14057,779,38398.0,5370.3,5.4
1989,WV,1857000,2724,121,347.0,793,1463,41154,11635,26608,2911,87756.0,4725.7,4.7
1990,DC,606900,14919,472,303.0,7365,6779,50470,12035,30326,8109,130778.0,21548.5,21.5
1990,FL,12937926,160990,1379,6781.0,53928,98902,978944,280832,591210,106902,2279868.0,17621.6,17.6
1990,SD,696004,1133,14,239.0,86,794,19116,3671,14678,767,40498.0,5818.6,5.8
1990,WV,1793477,3036,102,423.0,680,1831,41855,11785,27310,2760,89782.0,5006.0,5.0
1991,DC,598000,14671,482,214.0,7269,6706,49722,12405,29182,8135,128786.0,21536.1,21.5
1991,FL,13277000,157243,1248,6865.0,53083,96047,977570,266313,607222,104035,2269626.0,17094.4,17.1
1991,SD,703000,1281,12,279.0,132,858,20366,4146,15412,808,43294.0,6158.5,6.2
1991,WV,1801000,3440,111,415.0,779,2135,44528,12009,29369,3150,95936.0,5326.8,5.3
1992,DC,589000,16685,443,215.0,7459,8568,50502,10721,30663,9118,134374.0,22813.9,22.8
1992,FL,13488000,162827,1208,7310.0,49482,104827,964533,254755,598093,111685,2254720.0,16716.5,16.7
1992,SD,711000,1383,4,368.0,120,891,19939,3849,15371,719,42644.0,5997.7,6.0
1992,WV,1812000,3833,115,393.0,788,2537,43455,11287,29200,2968,94576.0,5219.4,5.2
1993,DC,578000,16888,454,324.0,7107,9003,51091,11534,31495,8062,135958.0,23522.1,23.5
1993,FL,13679000,164975,1224,7359.0,48913,107479,977363,251063,603784,122516,2284676.0,16702.1,16.7
1993,SD,715000,1490,24,318.0,107,1041,19661,3927,14915,819,42302.0,5916.4,5.9
1993,WV,1820000,3793,126,365.0,782,2520,42300,10904,28456,2940,92186.0,5065.2,5.1
1994,DC,570000,15177,399,249.0,6311,8218,48009,10037,29711,8261,126372.0,22170.5,22.2
1994,FL,13953000,160016,1165,7301.0,45871,105679,991105,237341,626578,127186,2302242.0,16500.0,16.5
1994,SD,721000,1641,10,303.0,135,1193,20726,3938,15916,872,44734.0,6204.4,6.2
1994,WV,1822000,3931,99,370.0,772,2690,42136,10673,28189,3274,92134.0,5056.8,5.1
1995,DC,554000,14744,360,292.0,6864,7228,52697,10185,32319,10193,134882.0,24346.9,24.3
1995,FL,14166000,151711,1037,6887.0,42485,101302,939288,215657,612311,111320,2181998.0,15403.1,15.4
1995,SD,729000,1513,13,299.0,189,1012,20799,3942,15976,881,44624.0,6121.3,6.1
1995,WV,1828000,3842,89,388.0,781,2584,41093,10329,27724,3040,89870.0,4916.3,4.9
1996,DC,543000,13411,397,260.0,6444,6310,51188,9828,31385,9975,129198.0,23793.4,23.8
1996,FL,14400000,151350,1077,7508.0,41643,101122,928273,219056,605448,103769,2159246.0,14994.8,15.0
1996,SD,732000,1297,9,300.0,138,850,20443,4077,15532,834,43480.0,5939.9,5.9
1996,WV,1826000,3836,69,358.0,737,2672,41510,9979,28300,3231,90692.0,4966.7,5.0
1997,DC,529000,10708,301,218.0,4501,5688,41341,6963,26809,7569,104098.0,19678.3,19.7
1997,FL,14654000,149996,1012,7599.0,40459,100926,915613,213926,594492,107195,2131218.0,14543.6,14.5
1997,SD,738000,1457,10,357.0,172,918,22491,4088,17545,858,47896.0,6490.0,6.5
1997,WV,1816000,3971,75,355.0,782,2759,40868,10647,26934,3287,89678.0,4938.2,4.9
1998,DC,523000,8988,260,190.0,3606,4932,37222,6361,24360,6501,92420.0,17671.1,17.7
1998,FL,14916000,140016,967,7404.0,36198,95447,887107,203105,579752,104250,2054246.0,13772.1,13.8
1998,SD,738000,1139,10,258.0,149,722,18227,3458,14006,763,38732.0,5248.2,5.2
1998,WV,1811000,4503,78,339.0,676,3410,41627,11110,27127,3390,92260.0,5094.4,5.1
1999,DC,519000,8448,241,248.0,3344,4615,33420,5067,21701,6652,83736.0,16134.1,16.1
1999,FL,15111244,129044,859,6990.0,31969,89226,808674,181378,534105,93191,1875436.0,12410.9,12.4
1999,SD,733133,1227,18,336.0,103,770,18159,3255,14043,861,38772.0,5288.5,5.3
1999,WV,1806928,6336,79,337.0,661,5259,42825,10303,28760,3762,98322.0,5441.4,5.4
2000,DC,572059,8626,239,251.0,3554,4582,33000,4745,21655,6600,83252.0,14553.0,14.6
2000,FL,15982378,129777,903,7057.0,31809,90008,780377,172898,518298,89181,1820308.0,11389.5,11.4
2000,SD,754844,1259,7,305.0,131,816,16252,2896,12558,798,35022.0,4639.6,4.6
2000,WV,1808344,5723,46,331.0,749,4597,41344,9890,28139,3315,94134.0,5205.5,5.2
2001,DC,573822,9195,231,181.0,3780,5003,35232,4949,22313,7970,88854.0,15484.6,15.5
2001,FL,16373330,130713,874,6641.0,32867,90331,782517,176052,516548,89917,1826460.0,11155.1,11.2
2001,SD,758324,1171,7,351.0,103,710,16473,3087,12571,815,35288.0,4653.4,4.7
2001,WV,1800975,5035,40,320.0,707,3968,41085,9601,28268,3216,92240.0,5121.7,5.1
2002,DC,569157,9322,264,262.0,3834,4962,36477,5170,21708,9599,91598.0,16093.6,16.1
2002,FL,16691701,128721,911,6753.0,32581,88476,777236,177242,511478,88516,1811914.0,10855.2,10.9
2002,SD,760437,1350,11,361.0,117,861,15992,3034,12139,819,34684.0,4561.1,4.6
2002,WV,1804884,4221,57,328.0,657,3179,41099,9677,27524,3898,90640.0,5021.9,5.0
2003,DC,557620,9061,249,274.0,3941,4597,32696,4671,18119,9906,83514.0,14976.9,15.0
2003,FL,16999181,124280,924,6727.0,31523,85106,757696,170644,505489,81563,1763952.0,10376.7,10.4
2003,SD,764905,1329,10,356.0,104,859,15324,2878,11572,874,33306.0,4354.3,4.4
2003,WV,1811440,4627,73,311.0,701,3542,42370,10498,28409,3463,93994.0,5188.9,5.2
2004,DC,554239,7590,198,222.0,3202,3968,26896,3946,14542,8408,68972.0,12444.5,12.4
2004,FL,17385430,123754,946,6612.0,29997,86199,727141,166332,482484,78325,1701790.0,9788.6,9.8
2004,SD,770621,1319,17,336.0,112,854,14885,3148,10890,847,32408.0,4205.4,4.2
2004,WV,1812548,5110,68,346.0,774,3922,46326,10994,31566,3766,102872.0,5675.5,5.7
2005,DC,582049,8032,195,166.0,3700,3971,26133,3577,14836,7720,68330.0,11739.6,11.7
2005,FL,17768191,125957,883,6592.0,30141,88341,712998,164783,472912,75303,1677910.0,9443.3,9.4
2005,SD,774883,1387,18,377.0,145,847,13694,2505,10350,839,30162.0,3892.5,3.9
2005,WV,1814083,4968,82,335.0,816,3735,47757,11334,32603,3820,105450.0,5812.9,5.8
2006,DC,581530,8772,169,185.0,3829,4589,27064,3835,15908,7321,71672.0,12324.7,12.3
2006,FL,18089888,129602,1129,6475.0,34147,87851,721101,170873,473774,76454,1701406.0,9405.3,9.4
2006,SD,781919,2071,30,465.0,158,1418,13812,3024,9954,834,31766.0,4062.6,4.1
2006,WV,1818470,5113,80,404.0,853,3776,47941,11579,32305,4057,106108.0,5835.0,5.8
2007,DC,588292,8325,181,192.0,4265,3687,28922,3926,17390,7606,74494.0,12662.8,12.7
2007,FL,18251243,131878,1202,6149.0,38155,86372,746249,181836,490783,73630,1756254.0,9622.7,9.6
2007,SD,796214,1926,31,433.0,118,1344,13829,2647,10398,784,31510.0,3957.5,4.0
2007,WV,1812035,5016,65,388.0,847,3716,45620,10822,31321,3477,101272.0,5588.9,5.6
2008,DC,591833,8509,186,186.0,4430,3707,30211,3788,19958,6465,77440.0,13084.8,13.1
2008,FL,18328340,126256,1168,5972.0,36268,82848,758889,188472,506902,63515,1770290.0,9658.8,9.7
2008,SD,804194,2227,37,562.0,134,1494,13867,2683,10266,918,32188.0,4002.5,4.0
2008,WV,1814468,5006,67,389.0,896,3654,45971,10840,31967,3164,101954.0,5618.9,5.6
2009,DC,599657,8089,145,150.0,4404,3390,28495,3696,19267,5532,73168.0,12201.6,12.2
2009,FL,18537969,113541,1017,5501.0,30911,76112,712010,181884,479867,50259,1651102.0,8906.6,8.9
2009,SD,812383,1777,30,501.0,117,1129,14378,2621,10891,866,32310.0,3977.2,4.0
2009,WV,1819777,5554,84,470.0,914,4086,46215,12005,31453,2757,103538.0,5689.6,5.7
2010,DC,604912,8026,132,187.0,4325,3382,28802,4233,19514,5055,73656.0,12176.3,12.2
2010,FL,18838613,101969,987,5373.0,26086,69523,669035,169119,458454,41462,1542008.0,8185.4,8.2
2010,SD,816598,2196,23,385.0,154,1634,15188,3192,11196,800,34768.0,4257.7,4.3
2010,WV,1854368,5586,58,362.0,776,4390,41301,10778,28104,2419,93774.0,5056.9,5.1
2011,DC,619020,7433,108,173.0,4094,3058,29654,3850,21347,4457,74174.0,11982.5,12.0
2011,FL,19082262,98198,984,5273.0,25622,66319,671200,170171,461408,39621,1538796.0,8064.0,8.1
2011,SD,823593,2105,20,503.0,167,1415,15299,2927,11423,949,34808.0,4226.4,4.2
2011,WV,1854908,5497,87,372.0,802,4236,39009,10245,26656,2108,89012.0,4798.7,4.8
2012,DC,633427,7866,88,236.0,4037,3505,30757,3519,23575,3663,77246.0,12194.9,12.2
2012,FL,19320749,94087,1009,5260.0,23889,63929,632988,153563,442095,37330,1454150.0,7526.4,7.5
2012,SD,834047,2701,23,600.0,157,1921,17326,3280,12973,1073,40054.0,4802.4,4.8
2012,WV,1856680,5943,70,415.0,835,4623,44500,11466,30800,2234,100886.0,5433.7,5.4
2013,DC,649111,8415,103,395.0,4082,3835,31097,3316,24547,3234,79024.0,12174.2,12.2
2013,FL,19600311,91993,972,6767.0,23200,61054,607170,138915,433344,34911,1398326.0,7134.2,7.1
2013,SD,845510,2733,18,507.0,156,2052,16274,3383,11955,936,38014.0,4496.0,4.5
2013,WV,1853595,5657,62,700.0,653,4242,39929,9908,28055,1966,91172.0,4918.7,4.9
2014,DC,659836,8199,105,472.0,3497,4125,34147,3466,26898,3783,84692.0,12835.3,12.8
2014,FL,19905569,91345,982,7132.0,21621,61610,583774,121379,426197,36198,1350238.0,6783.2,6.8
2014,SD,853304,2801,23,478.0,199,2101,16036,2817,12209,1010,37674.0,4415.1,4.4
2014,WV,1848751,5850,84,594.0,655,4517,38282,9368,26954,1960,88264.0,4774.3,4.8
2015,DC,670377,8538,162,494.0,3746,4136,31444,2971,25208,3265,79964.0,11928.2,11.9
2015,FL,20244914,93625,1041,7552.0,21137,63895,570270,109268,420341,40661,1327790.0,6558.6,6.6
2015,SD,857919,3302,33,500.0,215,2554,16739,2969,12576,1194,40082.0,4672.0,4.7
2015,WV,1841053,6397,85,710.0,783,4819,38694,9467,26984,2243,90182.0,4898.4,4.9
2016,DC,684336,8236,136,533.0,3500,4067,32377,2361,27089,2927,81226.0,11869.3,11.9
2016,FL,20656589,88700,1111,7598.0,20175,59816,553812,100325,410352,43135,1285024.0,6220.9,6.2
2016,SD,861542,3636,28,526.0,274,2808,17207,3002,12705,1500,41686.0,4838.5,4.8
2016,WV,1828637,6633,85,684.0,720,5144,37282,9127,25657,2498,87830.0,4803.0,4.8
2017,DC,695691,6976,116,444.0,2625,3791,29736,1809,25340,2587,73424.0,10554.1,10.6
2017,FL,20976812,85606,1057,7936.0,18597,58016,527125,88835,395375,42915,1225462.0,5842.0,5.8
2017,SD,873286,3753,27,575.0,264,2887,16588,2835,12285,1468,40682.0,4658.5,4.7
2017,WV,1817048,6564,98,793.0,673,5000,32560,7557,21917,3086,78248.0,4306.3,4.3
2018,DC,701547,6995,160,450.0,2415,3970,30726,1788,26345,2593,75442.0,10753.7,10.8
2018,FL,21244317,81980,1107,8438.0,16884,55551,486017,71933,372919,41165,1135994.0,5347.3,5.3
2018,SD,878698,3483,12,617.0,222,2632,15191,2502,11237,1452,37348.0,4250.4,4.3
2018,WV,1804291,5411,76,716.0,333,4286,27888,5916,19783,2189,66598.0,3691.1,3.7
2019,DC,708253,7403,166,345.0,2714,4178,30819,1843,26643,2333,76444.0,10793.3,10.8
2019,FL,21492056,81291,1122,8463.0,16234,55472,460966,63338,358537,39091,1084514.0,5046.1,5.0
2019,SD,887127,3523,16,647.0,190,2670,15686,2662,11265,1759,38418.0,4330.6,4.3
2019,WV,1795263,5725,100,818.0,347,4460,27327,5282,19825,2220,66104.0,3682.1,3.7
2020,DC,712816,7127,201,311.0,2373,4242,24899,1964,19536,3399,64052.0,8985.8,9.0
2020,FL,21733312,83368,1290,7686.0,13521,60871,384556,52293,293992,38271,935848.0,4306.1,4.3
2020,SD,892717,4476,40,599.0,274,3563,17468,3036,12117,2315,43888.0,4916.2,4.9
2020,WV,1784787,6352,117,832.0,369,5034,24976,4877,17828,2271,62656.0,3510.6,3.5
2021,DC,668791,6362,274,307.0,2618,3163,27669,1831,21755,4083,68062.0,10176.9,10.2
2021,FL,21828069,73632,937,6771.0,8432,57492,331252,32959,276677,21616,809768.0,3709.8,3.7
2021,SD,896164,3511,27,591.0,176,2717,15038,2417,10528,2093,37098.0,4139.6,4.1
2021,WV,1785526,5205,108,945.0,210,3942,24225,3839,18408,1978,58860.0,3296.5,3.3
2022,DC,671803,5457,197,279.0,2402,2579,23926,1352,18696,3878,58766.0,8747.5,8.7
2022,FL,22244823,57587,1113,6714.0,7477,42283,348403,38594,279116,30693,811980.0,3650.2,3.7
2022,SD,909824,3434,39,508.0,230,2657,15804,2393,11207,2204,38476.0,4228.9,4.2
2022,WV,1775156,4934,81,789.0,178,3886,21836,3377,16885,1574,53540.0,3016.1,3.0
